CHH, CHH, CHH, CHH, CHH, CHH, 
 0.01  0.00 -0.00  0.01  0.01  0.00  0.41  0.38 -0.42 -0.57 -0.13  0.04 -0.41 -0.03  0.00  0.03  0.00 -0.00
-0.35  0.24  0.13 -0.37  0.32  0.26 -0.00  0.02 -0.01 -0.01 -0.01 -0.06 -0.01  0.15  0.21 -0.21  0.35  0.51
 0.18  0.34  0.40  0.36  0.24 -0.05  0.02 -0.09  0.02  0.01 -0.01  0.31 -0.03 -0.45  0.09 -0.35 -0.21  0.14
-0.01 -0.01  0.03  0.00 -0.01 -0.02 -0.39  0.18  0.56 -0.39  0.43 -0.01 -0.41 -0.03  0.02  0.03  0.01  0.01
 0.36 -0.19  0.16 -0.08 -0.25 -0.49  0.01 -0.03 -0.02 -0.00 -0.01  0.00 -0.01  0.13  0.55 -0.21  0.35  0.06
-0.19 -0.37  0.09 -0.19 -0.43  0.32  0.03 -0.02  0.02  0.01 -0.00  0.56 -0.03  0.07  0.00 -0.35 -0.21  0.04
-0.02 -0.01 -0.06 -0.02  0.04  0.01  0.38 -0.58 -0.15  0.16  0.55 -0.02 -0.41  0.04  0.00  0.02  0.01 -0.00
-0.35  0.17 -0.29  0.45 -0.07  0.22 -0.01  0.02  0.01  0.01  0.00  0.04 -0.01 -0.02  0.36 -0.21  0.35 -0.46
 0.20  0.39 -0.44 -0.14  0.18 -0.24 -0.01  0.04  0.04 -0.01  0.00  0.27 -0.03  0.50 -0.11 -0.35 -0.21 -0.10
 0.02  0.03  0.05  0.01 -0.02  0.00 -0.40  0.40 -0.42  0.56  0.13  0.04 -0.41  0.00 -0.01  0.03  0.01  0.00
 0.37 -0.17  0.14 -0.37  0.34  0.26 -0.01 -0.00  0.01 -0.00  0.00  0.04 -0.01 -0.17 -0.21 -0.21  0.35 -0.51
-0.20 -0.36  0.38  0.30  0.29 -0.07  0.01  0.03 -0.01 -0.01 -0.00 -0.34 -0.03  0.44 -0.08 -0.35 -0.21 -0.12
 0.01 -0.02 -0.02 -0.00  0.01 -0.01  0.43  0.16  0.54  0.40 -0.40 -0.04 -0.41 -0.02  0.01  0.03  0.01  0.01
-0.37  0.18  0.17 -0.05 -0.29 -0.46  0.03 -0.01  0.01  0.00  0.01  0.01 -0.01 -0.13 -0.56 -0.21  0.35 -0.07
 0.21  0.33  0.05 -0.14 -0.48  0.30  0.02  0.01 -0.01 -0.01  0.01 -0.58 -0.03 -0.05  0.01 -0.35 -0.21 -0.04
-0.02  0.01 -0.01 -0.00 -0.02  0.02 -0.43 -0.53 -0.11 -0.17 -0.57 -0.01 -0.41  0.04 -0.03  0.03  0.01 -0.02
 0.35 -0.23 -0.31  0.43 -0.05  0.21 -0.02  0.01  0.00 -0.01  0.01 -0.03 -0.01  0.04 -0.35 -0.21  0.35  0.46
-0.20 -0.33 -0.47 -0.19  0.20 -0.25 -0.06  0.02 -0.05  0.01 -0.01 -0.22 -0.03 -0.50  0.10 -0.35 -0.21  0.08

