CHH, CHH, CHH, CHH, CHH, CHH, 
-0.01  0.02 -0.01  0.00 -0.00 -0.00 -0.00  0.02 -0.01  0.01 -0.00 -0.00  0.02 -0.01 -0.41 -0.03  0.00 -0.56 -0.13 -0.01  0.01  0.00 -0.00 -0.00 -0.05 -0.00 -0.03  0.40  0.38  0.38 -0.04  0.04 -0.07 -0.19  0.01  0.04
-0.04 -0.07 -0.00 -0.01  0.06  0.01  0.01  0.01 -0.08  0.11  0.11 -0.05 -0.29 -0.25 -0.01  0.22  0.35 -0.01 -0.01 -0.16 -0.44 -0.29  0.10 -0.21  0.07  0.52  0.12 -0.00 -0.00  0.02  0.01 -0.01 -0.01 -0.04  0.01  0.03
 0.06 -0.04 -0.07  0.03  0.01 -0.02 -0.05 -0.01  0.05 -0.05  0.07 -0.02  0.18 -0.30 -0.02  0.35 -0.22  0.01 -0.01 -0.28  0.32 -0.12  0.39 -0.08 -0.32  0.13 -0.45  0.02 -0.01 -0.09  0.02 -0.01  0.00 -0.01  0.02 -0.03
 0.01 -0.05  0.09  0.39  0.12 -0.09  0.28  0.43  0.04  0.36  0.26 -0.55  0.18  0.09  0.00 -0.00 -0.00 -0.00  0.01  0.02  0.01  0.02 -0.03 -0.00  0.01 -0.02 -0.02 -0.02  0.00 -0.00 -0.01  0.02 -0.01  0.03  0.01  0.00
-0.45 -0.44  0.21 -0.21 -0.38 -0.03  0.17 -0.28 -0.25  0.28  0.16  0.04  0.30  0.01  0.00 -0.00 -0.00 -0.00  0.01 -0.00  0.02 -0.03 -0.03  0.00 -0.01  0.01 -0.01  0.00 -0.01  0.00 -0.02 -0.02 -0.02 -0.01  0.00  0.00
 0.01 -0.04 -0.02  0.02 -0.00  0.01  0.02 -0.02  0.01 -0.02  0.00 -0.04 -0.00  0.01  0.00  0.00 -0.00  0.01 -0.02 -0.06  0.01 -0.02  0.01  0.04 -0.02  0.01  0.01  0.13 -0.06  0.13 -0.04 -0.29  0.48  0.21 -0.75  0.17
 0.00 -0.00  0.01  0.00 -0.01 -0.00  0.01 -0.00  0.02 -0.02 -0.01  0.01 -0.02  0.01 -0.41 -0.02  0.01 -0.39  0.43  0.01 -0.00  0.01  0.04 -0.02  0.00  0.01 -0.03 -0.38 -0.53  0.12 -0.13 -0.08 -0.06  0.18  0.04  0.04
 0.06  0.04  0.02  0.05 -0.09 -0.01 -0.01  0.01  0.05 -0.10 -0.09  0.05  0.32  0.19 -0.01  0.22  0.34 -0.00 -0.01  0.09  0.01  0.53  0.21 -0.55 -0.00  0.07  0.12  0.01  0.02 -0.02  0.02  0.02  0.04  0.02 -0.02  0.04
-0.07  0.05  0.05 -0.02 -0.04  0.05  0.05  0.03 -0.04  0.05 -0.06 -0.01 -0.20  0.33 -0.03  0.34 -0.22  0.01 -0.00  0.54 -0.15 -0.13  0.06 -0.00 -0.56  0.05  0.09  0.03 -0.02 -0.03 -0.02 -0.00 -0.01  0.01 -0.02 -0.01
 0.21  0.25  0.15  0.15  0.11 -0.39 -0.16  0.09 -0.60  0.26  0.18  0.41  0.06  0.01 -0.00 -0.00  0.00  0.00 -0.00  0.02  0.04  0.00  0.00  0.01 -0.02 -0.00 -0.02 -0.02 -0.01  0.01 -0.02 -0.01  0.03  0.03 -0.03  0.01
 0.19 -0.09  0.72  0.18 -0.21  0.09 -0.32  0.03 -0.06 -0.06 -0.39 -0.22 -0.06 -0.16 -0.00  0.00 -0.00 -0.00 -0.00  0.01  0.04 -0.04 -0.03  0.02  0.01  0.01 -0.00  0.02  0.00 -0.01 -0.00 -0.00 -0.02  0.02 -0.00  0.02
-0.01 -0.00 -0.04 -0.00  0.00  0.00 -0.01 -0.03 -0.01 -0.01  0.01  0.00 -0.02 -0.01  0.00 -0.00 -0.00  0.02 -0.01  0.01 -0.04  0.00  0.04  0.00  0.04 -0.01 -0.07  0.08  0.20 -0.16 -0.36  0.27 -0.51  0.58 -0.21  0.28
-0.01  0.00 -0.00  0.00  0.01  0.00 -0.01 -0.00 -0.02  0.01  0.01 -0.01 -0.01  0.02 -0.41 -0.02  0.01  0.15  0.55 -0.03 -0.02 -0.00 -0.06 -0.00  0.03 -0.00  0.04  0.37  0.16 -0.52  0.19  0.07  0.13 -0.01 -0.04 -0.08
-0.04 -0.06 -0.01 -0.07  0.07 -0.02  0.03 -0.01 -0.02  0.08  0.07 -0.04 -0.32 -0.16 -0.01  0.22  0.35  0.01  0.00  0.07  0.43 -0.23 -0.31 -0.36 -0.05 -0.45 -0.00 -0.00 -0.02  0.02 -0.01  0.03  0.00  0.01 -0.03  0.00
 0.04 -0.04 -0.06  0.04  0.07 -0.06 -0.05 -0.03  0.03 -0.04  0.04 -0.00  0.20 -0.35 -0.02  0.34 -0.22 -0.01  0.00 -0.24 -0.13  0.23 -0.41  0.11 -0.25 -0.07  0.51 -0.02 -0.03  0.02 -0.05  0.03 -0.05  0.01 -0.02 -0.01
-0.28 -0.09 -0.02 -0.04  0.71  0.09 -0.28 -0.30 -0.28  0.06 -0.19 -0.30  0.08  0.09 -0.00  0.00 -0.00 -0.01 -0.00  0.02  0.02  0.09  0.06 -0.00  0.01  0.00 -0.02 -0.01 -0.02  0.00 -0.00  0.01  0.01 -0.03  0.02  0.02
-0.07  0.31 -0.00  0.41 -0.04 -0.05  0.60 -0.45 -0.16 -0.08 -0.30 -0.04 -0.06 -0.17 -0.00  0.00 -0.00  0.00 -0.01 -0.00  0.01 -0.01  0.03  0.00  0.01 -0.00  0.00  0.01 -0.00  0.00  0.02  0.04  0.02  0.01  0.02 -0.01
 0.01  0.01  0.02 -0.00  0.03  0.02  0.02 -0.01  0.01  0.01 -0.01  0.00 -0.02 -0.03  0.00 -0.00  0.00 -0.01 -0.01  0.02 -0.02  0.04 -0.02 -0.06  0.04  0.01 -0.02  0.04  0.17 -0.13 -0.57 -0.54  0.01  0.10  0.11 -0.54
 0.01 -0.01  0.01 -0.00  0.01  0.01  0.01 -0.01  0.01 -0.01 -0.00 -0.00  0.02 -0.03 -0.41 -0.03  0.01  0.56  0.14  0.02  0.02 -0.01  0.05  0.01 -0.04  0.00  0.00 -0.40  0.39  0.40 -0.07 -0.03 -0.05 -0.11 -0.06  0.07
-0.00  0.08 -0.01  0.07 -0.02  0.04 -0.06  0.01  0.01 -0.08 -0.09  0.03  0.33  0.15 -0.01  0.22  0.35 -0.00  0.00 -0.18 -0.45 -0.30  0.11  0.20 -0.05 -0.51 -0.14 -0.01 -0.01 -0.01 -0.01 -0.05 -0.02 -0.03  0.02 -0.02
-0.02  0.02  0.08 -0.04 -0.04  0.05  0.07  0.03 -0.06  0.06 -0.02 -0.00 -0.19  0.34 -0.03  0.35 -0.22 -0.01 -0.00 -0.32  0.24 -0.11  0.38  0.07  0.36 -0.11  0.44  0.01  0.03  0.03 -0.03 -0.00 -0.00  0.02  0.05 -0.00
 0.03  0.60  0.10 -0.58 -0.13  0.16  0.08  0.05 -0.22 -0.00  0.11 -0.38  0.13 -0.13  0.00  0.00  0.00 -0.00 -0.00  0.00 -0.00  0.02 -0.01 -0.01 -0.00  0.01  0.01 -0.02 -0.02 -0.01 -0.00 -0.00  0.00 -0.00 -0.02  0.02
-0.09 -0.20 -0.24  0.14 -0.10  0.49  0.08  0.43 -0.56 -0.30 -0.11  0.05 -0.01 -0.08 -0.00 -0.00 -0.00 -0.01 -0.00  0.01  0.04  0.03 -0.03  0.01  0.01 -0.01 -0.00 -0.02 -0.01 -0.01  0.01 -0.01 -0.02 -0.01 -0.02 -0.02
 0.02 -0.02  0.00  0.00 -0.02  0.03 -0.01  0.01  0.01  0.00  0.02  0.01  0.01 -0.01 -0.00  0.00  0.00 -0.02 -0.00  0.02 -0.02 -0.01  0.02  0.02  0.03  0.00 -0.03 -0.06 -0.05 -0.11 -0.62  0.57  0.40 -0.32 -0.04  0.02
-0.02  0.01 -0.01  0.00 -0.00 -0.00 -0.00  0.03  0.00 -0.00 -0.01  0.00  0.00  0.02 -0.41 -0.03  0.01  0.40 -0.40 -0.02 -0.01  0.02 -0.02 -0.01  0.03  0.01 -0.02  0.42 -0.53  0.10 -0.10  0.01 -0.07  0.06  0.12 -0.03
 0.02 -0.09  0.03 -0.07 -0.02 -0.02  0.06 -0.01 -0.02  0.09  0.11 -0.03 -0.32 -0.18 -0.01  0.22  0.35  0.00  0.01  0.12  0.04  0.51  0.21  0.56 -0.01 -0.07 -0.11  0.03  0.00 -0.00  0.02 -0.02  0.02  0.00  0.03 -0.00
 0.02 -0.02 -0.08  0.04  0.02 -0.04 -0.07 -0.02  0.05 -0.04  0.04  0.01  0.21 -0.31 -0.03  0.35 -0.22 -0.01  0.01  0.56 -0.08 -0.11  0.02 -0.01  0.57 -0.05 -0.07  0.03 -0.00  0.02  0.04 -0.05  0.03 -0.02 -0.01  0.05
 0.00  0.09 -0.20  0.34 -0.34 -0.01 -0.41 -0.36 -0.14 -0.24  0.45 -0.33 -0.13  0.14 -0.00 -0.00  0.00 -0.00  0.00 -0.00  0.01  0.02 -0.03 -0.01  0.01 -0.01  0.01 -0.01 -0.00  0.02 -0.01 -0.02 -0.01 -0.02  0.03 -0.03
-0.68  0.35  0.31  0.22  0.10  0.12 -0.11  0.20  0.20 -0.16  0.23  0.25 -0.04 -0.11  0.00  0.00 -0.00  0.00 -0.00 -0.02  0.03  0.05  0.02  0.00  0.01 -0.00  0.01 -0.02  0.01 -0.02 -0.00 -0.01  0.01 -0.01 -0.04  0.03
 0.03  0.00 -0.01  0.02  0.01 -0.00  0.05 -0.01 -0.00 -0.03  0.01  0.01 -0.01  0.04 -0.00  0.00 -0.00  0.01  0.00 -0.03  0.04  0.01 -0.07  0.01 -0.02  0.01 -0.01  0.03  0.01 -0.23 -0.23 -0.44 -0.02 -0.30  0.22  0.74
 0.01 -0.02  0.00 -0.01 -0.00  0.00 -0.00 -0.03  0.01  0.01  0.01 -0.00 -0.01 -0.00 -0.41 -0.03  0.01 -0.17 -0.57  0.03 -0.00 -0.02 -0.01  0.03  0.02 -0.02  0.04 -0.42  0.13 -0.48  0.16 -0.01  0.12  0.07 -0.07 -0.03
-0.00  0.10 -0.04  0.04  0.00  0.00 -0.02 -0.00  0.06 -0.10 -0.10  0.03  0.29  0.24 -0.01  0.22  0.34 -0.01  0.01  0.06  0.40 -0.21 -0.32  0.35  0.04  0.46  0.02 -0.01  0.01  0.00 -0.03  0.02 -0.03  0.04 -0.01 -0.05
-0.03  0.04  0.08 -0.04 -0.02  0.03  0.06 -0.00 -0.04  0.04 -0.05  0.03 -0.20  0.29 -0.02  0.35 -0.21  0.01 -0.01 -0.25 -0.20  0.24 -0.44 -0.09  0.20  0.06 -0.51 -0.07  0.04  0.05  0.04  0.03  0.02 -0.01 -0.02 -0.01
 0.37 -0.10  0.34  0.02  0.27  0.50  0.22 -0.25  0.04 -0.12  0.48  0.19  0.09  0.07  0.00 -0.00  0.00 -0.01 -0.00  0.04 -0.01 -0.03 -0.02 -0.00 -0.01 -0.00  0.01  0.03 -0.01  0.02  0.03  0.02 -0.02  0.02  0.01 -0.01
-0.03 -0.21  0.22 -0.18  0.15 -0.52  0.23  0.11 -0.11 -0.68  0.14 -0.15 -0.04  0.07 -0.00  0.00 -0.00 -0.00 -0.01  0.01 -0.04 -0.04  0.01  0.00  0.01  0.00 -0.01  0.01  0.01 -0.00 -0.01  0.02  0.00 -0.00  0.00 -0.02
 0.03  0.01  0.01  0.02  0.01 -0.02  0.02 -0.02  0.01  0.02 -0.00 -0.00 -0.02  0.03  0.00  0.00 -0.00 -0.01  0.01  0.01  0.03  0.03  0.04 -0.00  0.05 -0.00 -0.00 -0.04 -0.17 -0.15 -0.03 -0.04 -0.54 -0.57 -0.54 -0.17

