CHH, CHH, CHH, CHH, CHH, CHH, 
-0.01 -0.02  0.02 -0.02  0.01  0.00 -0.02 -0.52 -0.08  0.12  0.20 -0.48  0.43  0.05  0.44  0.15 -0.18  0.06
-0.02  0.02  0.01  0.01  0.01  0.00  0.47 -0.43 -0.42  0.09  0.04  0.08 -0.24 -0.26 -0.27  0.28  0.09 -0.34
 0.04  0.37 -0.47 -0.25 -0.74  0.18 -0.01  0.01 -0.03 -0.03  0.02 -0.04  0.02  0.01 -0.02  0.02  0.01  0.01
-0.01  0.01 -0.03 -0.03 -0.03  0.01 -0.24 -0.30  0.22  0.23  0.01  0.43  0.15 -0.54 -0.01 -0.34 -0.36 -0.13
-0.01  0.00  0.02 -0.01 -0.01  0.03 -0.20  0.19 -0.28  0.68 -0.36 -0.28  0.04 -0.06  0.02 -0.22  0.27 -0.21
-0.46 -0.25  0.59 -0.45 -0.30  0.28  0.02  0.01  0.01 -0.04  0.01  0.00  0.00 -0.01 -0.03 -0.01  0.00  0.00
-0.00 -0.01 -0.02  0.03  0.01  0.02  0.27 -0.10 -0.05  0.03 -0.09 -0.35 -0.07 -0.20 -0.40 -0.37 -0.15  0.65
 0.02 -0.04 -0.02 -0.01  0.01 -0.01  0.05  0.19  0.28  0.05 -0.30 -0.09  0.51 -0.17 -0.42  0.54 -0.11 -0.04
-0.60  0.50 -0.04 -0.15  0.15 -0.58 -0.01  0.00  0.01  0.03 -0.01  0.00  0.00  0.01 -0.00  0.02  0.00  0.04
-0.00  0.00 -0.00  0.01 -0.02  0.02 -0.09 -0.12  0.63  0.13  0.09 -0.36 -0.51 -0.27  0.07  0.19  0.22 -0.06
 0.01  0.01  0.02  0.02 -0.01 -0.02  0.09  0.25 -0.19 -0.33 -0.04 -0.02  0.17 -0.67  0.39  0.02  0.37  0.13
-0.57 -0.57 -0.52  0.28 -0.06  0.04 -0.02 -0.01 -0.02 -0.00  0.01  0.01 -0.00  0.00  0.01 -0.00  0.04 -0.01
-0.00  0.02  0.00  0.01  0.03 -0.03  0.03  0.10  0.11 -0.13  0.56 -0.24  0.31 -0.02 -0.36 -0.37  0.27 -0.38
-0.01  0.01 -0.01  0.01 -0.03  0.03  0.66  0.15  0.30  0.44  0.17  0.28  0.17  0.12  0.25 -0.06  0.15  0.14
-0.30  0.47  0.01  0.32  0.28  0.71 -0.03  0.02 -0.00 -0.01  0.02  0.01  0.03 -0.01 -0.01  0.04 -0.01  0.01
 0.04 -0.02  0.02 -0.02  0.00 -0.00 -0.39 -0.07 -0.18  0.29  0.45  0.26  0.04 -0.03 -0.20  0.31  0.33  0.45
-0.01 -0.02 -0.00 -0.00  0.00 -0.02  0.04  0.51 -0.20  0.19  0.42 -0.17 -0.20 -0.19  0.08  0.17 -0.58 -0.07
-0.05  0.09  0.40  0.73 -0.51 -0.21 -0.03 -0.01  0.00  0.01 -0.01  0.00  0.03  0.02 -0.02  0.01 -0.03 -0.00

