0 000 1 4.52628e+09 1.41883e+19
0 0000 5 3.4662e+09 2.75036e+19
0 00000 14 3.21046e+09 2.31075e+19
0 000000 22 2.48677e+09 1.9942e+19
0 0000000 68 2.81471e+09 1.82988e+19
0 00000000 203 2.63092e+09 1.65888e+19
0 000000000 490 2.75316e+09 1.85562e+19
0 0000000000 880 2.99011e+09 2.1815e+19
0 00000000000 1032 2.82113e+09 2.0037e+19
0 000000000000 743 2.79741e+09 1.95047e+19
0 0000000000000 250 2.44166e+09 1.36483e+19
0 00000000000000 39 2.19355e+09 9.66823e+18
0 000000000000000 3 9.32973e+08 1.27379e+18
